+----------------------------------------------------------------------------------------------------------------------------------------------------------------------------------------------------------------------------+
; Legal Partition Candidates                                                                                                                                                                                                 ;
+-----------------------+-------+----------------+--------------+----------------+--------+-----------------+---------------+-----------------+-------+----------------+--------------+------------------+-------------------+
; Hierarchy             ; Input ; Constant Input ; Unused Input ; Floating Input ; Output ; Constant Output ; Unused Output ; Floating Output ; Bidir ; Constant Bidir ; Unused Bidir ; Input only Bidir ; Output only Bidir ;
+-----------------------+-------+----------------+--------------+----------------+--------+-----------------+---------------+-----------------+-------+----------------+--------------+------------------+-------------------+
; top_arbiter           ; 690   ; 0              ; 124          ; 0              ; 42     ; 0               ; 0             ; 0               ; 0     ; 0              ; 0            ; 0                ; 0                 ;
; top_memory_controller ; 164   ; 0              ; 30           ; 0              ; 129    ; 0               ; 0             ; 0               ; 0     ; 0              ; 0            ; 0                ; 0                 ;
; top_cache_fsm_L3      ; 783   ; 0              ; 0            ; 0              ; 813    ; 0               ; 0             ; 0               ; 0     ; 0              ; 0            ; 0                ; 0                 ;
; top_cache_fsm_L2d     ; 332   ; 0              ; 0            ; 0              ; 594    ; 0               ; 0             ; 0               ; 0     ; 0              ; 0            ; 0                ; 0                 ;
; top_cache_fsm_L2c     ; 334   ; 0              ; 2            ; 0              ; 594    ; 0               ; 0             ; 0               ; 0     ; 0              ; 0            ; 0                ; 0                 ;
; top_cache_fsm_L2b     ; 334   ; 0              ; 2            ; 0              ; 594    ; 0               ; 0             ; 0               ; 0     ; 0              ; 0            ; 0                ; 0                 ;
; top_cache_fsm_L2a     ; 334   ; 0              ; 2            ; 0              ; 594    ; 0               ; 0             ; 0               ; 0     ; 0              ; 0            ; 0                ; 0                 ;
; top_cache_fsm_L1d     ; 199   ; 97             ; 1            ; 97             ; 358    ; 97              ; 97            ; 97              ; 0     ; 0              ; 0            ; 0                ; 0                 ;
; top_cache_fsm_L1c     ; 199   ; 97             ; 1            ; 97             ; 358    ; 97              ; 97            ; 97              ; 0     ; 0              ; 0            ; 0                ; 0                 ;
; top_cache_fsm_L1b     ; 199   ; 161            ; 32           ; 161            ; 358    ; 161             ; 161           ; 161             ; 0     ; 0              ; 0            ; 0                ; 0                 ;
; top_cache_fsm_L1a     ; 199   ; 161            ; 32           ; 161            ; 486    ; 161             ; 161           ; 161             ; 0     ; 0              ; 0            ; 0                ; 0                 ;
+-----------------------+-------+----------------+--------------+----------------+--------+-----------------+---------------+-----------------+-------+----------------+--------------+------------------+-------------------+
